1
2
1
1
1
1
1
1
1
1
1
1
1
1
1
1
1
1
1
1
1
1
1
1
2
3
3
3
3
3
3
3
3
3
3
4
5
5
5
5
6
7
8
9
10
12
14
19
24
36
66
403
102
46
30
22
18
15
13
12
10
10
8
8
8
8
6
6
6
6
6
6
6
6
5
5
5
5
5
5
5
5
5
5
6
5
5
5
5
6
6
7
8
9
10
12
13
16
20
25
37
63
225
151
57
36
26
21
17
15
13
12
11
9
9
8
8
8
7
7
7
6
5
5
5
5
5
5
5
5
5
5
4
4
4
4
4
4
4
4
4
4
5
5
5
5
5
6
7
8
9
12
17
43
60
16
8
6
4
3
2
2
2
2
2
2
2
2
2
2
2
2
2
2
2
1
1
1
1
1
1
1
1
1
1
1
1
1
1
1
1
1
1
1
1
1
1
1
1
1
1
1
1
1
1
1
1
1
1
1
1
1
1
1
1
1
1
1
2
2
2
2
1
1
1
1
1
1
1
1
1
1
1
1
1
1
1
1
1
1
1
1
1
1
1
1
1
1
1
1
1
1
1
1
1
1
1
1
1
1
1
1
1
1
1
1
2
2
2
2
2
2
2
2
2
2
2
2
2
2
2
2
2
2
4
4
4
4
4
4
4
4
5
5
6
6
7
7
9
9
11
12
15
19
24
35
65
389
97
43
28
21
16
14
11
10
9
7
7
6
6
5
5
4
4
4
4
3
3
3
2
2
2
2
3
3
3
3
3
3
4
4
4
4
5
5
6
7
7
8
8
9
11
13
16
20
28
48
165
109
40
24
18
14
11
10
8
7
6
6
5
5
4
3
3
3
3
3
2
2
2
2
2
2
2
2
2
1
1
1
1
1
1
1
1
1
1
1
1
1
1
0
0
0
0
0
0
0
0
0
0
0
0
1
1
1
1
1
1
2
2
2
2
2
2
2
2
2
2
2
2
3
4
4
4
4
4
4
4
5
6
6
6
7
7
8
9
9
11
11
13
14
16
18
21
25
31
39
54
86
196
795
134
75
51
40
32
28
24
21
19
18
16
15
14
13
12
12
11
11
10
10
9
9
9
9
9
8
7
7
7
7
7
7
7
7
7
6
6
6
6
6
6
6
6
5
5
5
5
5
5
5
4
4
4
4
4
4
4
4
5
5
5
5
5
5
5
5
6
6
6
6
6
6
6
6
6
7
7
8
8
8
8
8
9
10
10
11
11
12
13
14
15
17
18
20
23
27
31
39
50
74
133
794
197
87
55
40
32
26
22
19
17
15
14
12
12
10
10
9
8
8
7
7
7
6
5
5
5
5
5
5
5
4
3
3
3
3
3
3
3
3
3
3
3
3
2
2
2
2
2
2
1
1
1
1
1
1
1
1
1
1
1
1
0
0
0
0
0
0
0
0
0
0
0
0
0
0
1
1
1
1
1
1
1
1
1
2
2
2
2
2
3
4
4
5
5
6
7
9
10
13
17
23
39
108
166
49
29
21
17
14
12
10
9
9
8
8
7
7
6
5
5
5
5
4
4
4
4
4
4
3
3
3
4
4
4
4
3
3
3
3
4
4
4
5
6
6
8
9
10
13
15
20
27
42
96
390
66
36
25
20
16
13
12
10
10
8
8
7
7
6
6
5
5
5
5
5
5
5
5
3
3
3
3
3
3
3
3
3
3
3
3
3
3
3
3
2
2
2
2
2
2
2
2
2
2
2
2
2
2
2
2
2
2
2
2
2
2
2
2
2
2
2
2
2
2
2
2
2
2
2
2
2
2
2
2
2
2
3
2
3
3
3
3
3
3
3
2
2
2
2
2
2
2
2
2
2
2
2
2
2
2
2
2
2
2
2
2
2
2
2
2
2
2
2
2
2
2
2
2
2
2
2
2
2
2
2
2
2
3
3
3
3
3
3
3
3
3
3
3
3
3
3
3
4
5
6
9
17
61
42
16
11
8
7
6
5
4
4
4
4
4
3
3
3
3
3
3
3
3
3
3
4
4
4
4
4
4
4
4
4
5
5
5
6
6
7
7
7
8
8
10
11
12
14
16
20
25
35
56
150
226
64
38
26
21
17
14
13
11
10
9
8
7
7
6
6
6
6
5
4
4
4
4
4
4
4
4
4
4
5
5
5
5
5
5
5
5
7
7
7
7
9
9
11
12
14
17
21
28
45
101
404
67
37
25
20
15
13
11
10
9
8
7
6
6
6
6
5
4
4
4
4
4
4
4
4
4
4
4
3
2
2
2
2
2
2
2
2
2
2
2
2
2
2
2
2
2
2
2
2
2
2
