00000000000000000000000000000000
00000000000000000000000000000110
00000000000000000000000000001101
00000000000000000000000000010011
00000000000000000000000000011001
00000000000000000000000000011111
00000000000000000000000000100110
00000000000000000000000000101100
00000000000000000000000000110010
00000000000000000000000000111000
00000000000000000000000000111110
00000000000000000000000001000100
00000000000000000000000001001010
00000000000000000000000001010000
00000000000000000000000001010110
00000000000000000000000001011100
00000000000000000000000001100010
00000000000000000000000001101000
00000000000000000000000001101101
00000000000000000000000001110011
00000000000000000000000001111001
00000000000000000000000001111110
00000000000000000000000010000100
00000000000000000000000010001001
00000000000000000000000010001110
00000000000000000000000010010011
00000000000000000000000010011000
00000000000000000000000010011101
00000000000000000000000010100010
00000000000000000000000010100111
00000000000000000000000010101100
00000000000000000000000010110001
00000000000000000000000010110101
00000000000000000000000010111001
00000000000000000000000010111110
00000000000000000000000011000010
00000000000000000000000011000110
00000000000000000000000011001010
00000000000000000000000011001110
00000000000000000000000011010001
00000000000000000000000011010101
00000000000000000000000011011000
00000000000000000000000011011100
00000000000000000000000011011111
00000000000000000000000011100010
00000000000000000000000011100101
00000000000000000000000011100111
00000000000000000000000011101010
00000000000000000000000011101101
00000000000000000000000011101111
00000000000000000000000011110001
00000000000000000000000011110011
00000000000000000000000011110101
00000000000000000000000011110111
00000000000000000000000011111000
00000000000000000000000011111010
00000000000000000000000011111011
00000000000000000000000011111100
00000000000000000000000011111101
00000000000000000000000011111110
00000000000000000000000011111111
00000000000000000000000011111111
00000000000000000000000100000000
00000000000000000000000100000000
00000000000000000000000100000000
00000000000000000000000100000000
00000000000000000000000100000000
00000000000000000000000011111111
00000000000000000000000011111111
00000000000000000000000011111110
00000000000000000000000011111101
00000000000000000000000011111100
00000000000000000000000011111011
00000000000000000000000011111010
00000000000000000000000011111000
00000000000000000000000011110111
00000000000000000000000011110101
00000000000000000000000011110011
00000000000000000000000011110001
00000000000000000000000011101111
00000000000000000000000011101101
00000000000000000000000011101010
00000000000000000000000011100111
00000000000000000000000011100101
00000000000000000000000011100010
00000000000000000000000011011111
00000000000000000000000011011100
00000000000000000000000011011000
00000000000000000000000011010101
00000000000000000000000011010001
00000000000000000000000011001110
00000000000000000000000011001010
00000000000000000000000011000110
00000000000000000000000011000010
00000000000000000000000010111110
00000000000000000000000010111001
00000000000000000000000010110101
00000000000000000000000010110001
00000000000000000000000010101100
00000000000000000000000010100111
00000000000000000000000010100010
00000000000000000000000010011101
00000000000000000000000010011000
00000000000000000000000010010011
00000000000000000000000010001110
00000000000000000000000010001001
00000000000000000000000010000100
00000000000000000000000001111110
00000000000000000000000001111001
00000000000000000000000001110011
00000000000000000000000001101101
00000000000000000000000001101000
00000000000000000000000001100010
00000000000000000000000001011100
00000000000000000000000001010110
00000000000000000000000001010000
00000000000000000000000001001010
00000000000000000000000001000100
00000000000000000000000000111110
00000000000000000000000000111000
00000000000000000000000000110010
00000000000000000000000000101100
00000000000000000000000000100110
00000000000000000000000000011111
00000000000000000000000000011001
00000000000000000000000000010011
00000000000000000000000000001101
00000000000000000000000000000110
00000000000000000000000000000000
00000000000000001111111111111010
00000000000000001111111111110011
00000000000000001111111111101101
00000000000000001111111111100111
00000000000000001111111111100001
00000000000000001111111111011010
00000000000000001111111111010100
00000000000000001111111111001110
00000000000000001111111111001000
00000000000000001111111111000010
00000000000000001111111110111100
00000000000000001111111110110110
00000000000000001111111110110000
00000000000000001111111110101010
00000000000000001111111110100100
00000000000000001111111110011110
00000000000000001111111110011000
00000000000000001111111110010011
00000000000000001111111110001101
00000000000000001111111110000111
00000000000000001111111110000010
00000000000000001111111101111100
00000000000000001111111101110111
00000000000000001111111101110010
00000000000000001111111101101101
00000000000000001111111101101000
00000000000000001111111101100011
00000000000000001111111101011110
00000000000000001111111101011001
00000000000000001111111101010100
00000000000000001111111101001111
00000000000000001111111101001011
00000000000000001111111101000111
00000000000000001111111101000010
00000000000000001111111100111110
00000000000000001111111100111010
00000000000000001111111100110110
00000000000000001111111100110010
00000000000000001111111100101111
00000000000000001111111100101011
00000000000000001111111100101000
00000000000000001111111100100100
00000000000000001111111100100001
00000000000000001111111100011110
00000000000000001111111100011011
00000000000000001111111100011001
00000000000000001111111100010110
00000000000000001111111100010011
00000000000000001111111100010001
00000000000000001111111100001111
00000000000000001111111100001101
00000000000000001111111100001011
00000000000000001111111100001001
00000000000000001111111100001000
00000000000000001111111100000110
00000000000000001111111100000101
00000000000000001111111100000100
00000000000000001111111100000011
00000000000000001111111100000010
00000000000000001111111100000001
00000000000000001111111100000001
00000000000000001111111100000000
00000000000000001111111100000000
00000000000000001111111100000000
00000000000000001111111100000000
00000000000000001111111100000000
00000000000000001111111100000001
00000000000000001111111100000001
00000000000000001111111100000010
00000000000000001111111100000011
00000000000000001111111100000100
00000000000000001111111100000101
00000000000000001111111100000110
00000000000000001111111100001000
00000000000000001111111100001001
00000000000000001111111100001011
00000000000000001111111100001101
00000000000000001111111100001111
00000000000000001111111100010001
00000000000000001111111100010011
00000000000000001111111100010110
00000000000000001111111100011001
00000000000000001111111100011011
00000000000000001111111100011110
00000000000000001111111100100001
00000000000000001111111100100100
00000000000000001111111100101000
00000000000000001111111100101011
00000000000000001111111100101111
00000000000000001111111100110010
00000000000000001111111100110110
00000000000000001111111100111010
00000000000000001111111100111110
00000000000000001111111101000010
00000000000000001111111101000111
00000000000000001111111101001011
00000000000000001111111101001111
00000000000000001111111101010100
00000000000000001111111101011001
00000000000000001111111101011110
00000000000000001111111101100011
00000000000000001111111101101000
00000000000000001111111101101101
00000000000000001111111101110010
00000000000000001111111101110111
00000000000000001111111101111100
00000000000000001111111110000010
00000000000000001111111110000111
00000000000000001111111110001101
00000000000000001111111110010011
00000000000000001111111110011000
00000000000000001111111110011110
00000000000000001111111110100100
00000000000000001111111110101010
00000000000000001111111110110000
00000000000000001111111110110110
00000000000000001111111110111100
00000000000000001111111111000010
00000000000000001111111111001000
00000000000000001111111111001110
00000000000000001111111111010100
00000000000000001111111111011010
00000000000000001111111111100001
00000000000000001111111111100111
00000000000000001111111111101101
00000000000000001111111111110011
00000000000000001111111111111010
00000000000000000000000000000000
00000000000000000000000000000110
00000000000000000000000000001101
00000000000000000000000000010011
00000000000000000000000000011001
00000000000000000000000000011111
00000000000000000000000000100110
00000000000000000000000000101100
00000000000000000000000000110010
00000000000000000000000000111000
00000000000000000000000000111110
00000000000000000000000001000100
00000000000000000000000001001010
00000000000000000000000001010000
00000000000000000000000001010110
00000000000000000000000001011100
00000000000000000000000001100010
00000000000000000000000001101000
00000000000000000000000001101101
00000000000000000000000001110011
00000000000000000000000001111001
00000000000000000000000001111110
00000000000000000000000010000100
00000000000000000000000010001001
00000000000000000000000010001110
00000000000000000000000010010011
00000000000000000000000010011000
00000000000000000000000010011101
00000000000000000000000010100010
00000000000000000000000010100111
00000000000000000000000010101100
00000000000000000000000010110001
00000000000000000000000010110101
00000000000000000000000010111001
00000000000000000000000010111110
00000000000000000000000011000010
00000000000000000000000011000110
00000000000000000000000011001010
00000000000000000000000011001110
00000000000000000000000011010001
00000000000000000000000011010101
00000000000000000000000011011000
00000000000000000000000011011100
00000000000000000000000011011111
00000000000000000000000011100010
00000000000000000000000011100101
00000000000000000000000011100111
00000000000000000000000011101010
00000000000000000000000011101101
00000000000000000000000011101111
00000000000000000000000011110001
00000000000000000000000011110011
00000000000000000000000011110101
00000000000000000000000011110111
00000000000000000000000011111000
00000000000000000000000011111010
00000000000000000000000011111011
00000000000000000000000011111100
00000000000000000000000011111101
00000000000000000000000011111110
00000000000000000000000011111111
00000000000000000000000011111111
00000000000000000000000100000000
00000000000000000000000100000000
00000000000000000000000100000000
00000000000000000000000100000000
00000000000000000000000100000000
00000000000000000000000011111111
00000000000000000000000011111111
00000000000000000000000011111110
00000000000000000000000011111101
00000000000000000000000011111100
00000000000000000000000011111011
00000000000000000000000011111010
00000000000000000000000011111000
00000000000000000000000011110111
00000000000000000000000011110101
00000000000000000000000011110011
00000000000000000000000011110001
00000000000000000000000011101111
00000000000000000000000011101101
00000000000000000000000011101010
00000000000000000000000011100111
00000000000000000000000011100101
00000000000000000000000011100010
00000000000000000000000011011111
00000000000000000000000011011100
00000000000000000000000011011000
00000000000000000000000011010101
00000000000000000000000011010001
00000000000000000000000011001110
00000000000000000000000011001010
00000000000000000000000011000110
00000000000000000000000011000010
00000000000000000000000010111110
00000000000000000000000010111001
00000000000000000000000010110101
00000000000000000000000010110001
00000000000000000000000010101100
00000000000000000000000010100111
00000000000000000000000010100010
00000000000000000000000010011101
00000000000000000000000010011000
00000000000000000000000010010011
00000000000000000000000010001110
00000000000000000000000010001001
00000000000000000000000010000100
00000000000000000000000001111110
00000000000000000000000001111001
00000000000000000000000001110011
00000000000000000000000001101101
00000000000000000000000001101000
00000000000000000000000001100010
00000000000000000000000001011100
00000000000000000000000001010110
00000000000000000000000001010000
00000000000000000000000001001010
00000000000000000000000001000100
00000000000000000000000000111110
00000000000000000000000000111000
00000000000000000000000000110010
00000000000000000000000000101100
00000000000000000000000000100110
00000000000000000000000000011111
00000000000000000000000000011001
00000000000000000000000000010011
00000000000000000000000000001101
00000000000000000000000000000110
00000000000000000000000000000000
00000000000000001111111111111010
00000000000000001111111111110011
00000000000000001111111111101101
00000000000000001111111111100111
00000000000000001111111111100001
00000000000000001111111111011010
00000000000000001111111111010100
00000000000000001111111111001110
00000000000000001111111111001000
00000000000000001111111111000010
00000000000000001111111110111100
00000000000000001111111110110110
00000000000000001111111110110000
00000000000000001111111110101010
00000000000000001111111110100100
00000000000000001111111110011110
00000000000000001111111110011000
00000000000000001111111110010011
00000000000000001111111110001101
00000000000000001111111110000111
00000000000000001111111110000010
00000000000000001111111101111100
00000000000000001111111101110111
00000000000000001111111101110010
00000000000000001111111101101101
00000000000000001111111101101000
00000000000000001111111101100011
00000000000000001111111101011110
00000000000000001111111101011001
00000000000000001111111101010100
00000000000000001111111101001111
00000000000000001111111101001011
00000000000000001111111101000111
00000000000000001111111101000010
00000000000000001111111100111110
00000000000000001111111100111010
00000000000000001111111100110110
00000000000000001111111100110010
00000000000000001111111100101111
00000000000000001111111100101011
00000000000000001111111100101000
00000000000000001111111100100100
00000000000000001111111100100001
00000000000000001111111100011110
00000000000000001111111100011011
00000000000000001111111100011001
00000000000000001111111100010110
00000000000000001111111100010011
00000000000000001111111100010001
00000000000000001111111100001111
00000000000000001111111100001101
00000000000000001111111100001011
00000000000000001111111100001001
00000000000000001111111100001000
00000000000000001111111100000110
00000000000000001111111100000101
00000000000000001111111100000100
00000000000000001111111100000011
00000000000000001111111100000010
00000000000000001111111100000001
00000000000000001111111100000001
00000000000000001111111100000000
00000000000000001111111100000000
00000000000000001111111100000000
00000000000000001111111100000000
00000000000000001111111100000000
00000000000000001111111100000001
00000000000000001111111100000001
00000000000000001111111100000010
00000000000000001111111100000011
00000000000000001111111100000100
00000000000000001111111100000101
00000000000000001111111100000110
00000000000000001111111100001000
00000000000000001111111100001001
00000000000000001111111100001011
00000000000000001111111100001101
00000000000000001111111100001111
00000000000000001111111100010001
00000000000000001111111100010011
00000000000000001111111100010110
00000000000000001111111100011001
00000000000000001111111100011011
00000000000000001111111100011110
00000000000000001111111100100001
00000000000000001111111100100100
00000000000000001111111100101000
00000000000000001111111100101011
00000000000000001111111100101111
00000000000000001111111100110010
00000000000000001111111100110110
00000000000000001111111100111010
00000000000000001111111100111110
00000000000000001111111101000010
00000000000000001111111101000111
00000000000000001111111101001011
00000000000000001111111101001111
00000000000000001111111101010100
00000000000000001111111101011001
00000000000000001111111101011110
00000000000000001111111101100011
00000000000000001111111101101000
00000000000000001111111101101101
00000000000000001111111101110010
00000000000000001111111101110111
00000000000000001111111101111100
00000000000000001111111110000010
00000000000000001111111110000111
00000000000000001111111110001101
00000000000000001111111110010011
00000000000000001111111110011000
00000000000000001111111110011110
00000000000000001111111110100100
00000000000000001111111110101010
00000000000000001111111110110000
00000000000000001111111110110110
00000000000000001111111110111100
00000000000000001111111111000010
00000000000000001111111111001000
00000000000000001111111111001110
00000000000000001111111111010100
00000000000000001111111111011010
00000000000000001111111111100001
00000000000000001111111111100111
00000000000000001111111111101101
00000000000000001111111111110011
00000000000000001111111111111010
00000000000000000000000000000000
00000000000000000000000000000110
00000000000000000000000000001101
00000000000000000000000000010011
00000000000000000000000000011001
00000000000000000000000000011111
00000000000000000000000000100110
00000000000000000000000000101100
00000000000000000000000000110010
00000000000000000000000000111000
00000000000000000000000000111110
00000000000000000000000001000100
00000000000000000000000001001010
00000000000000000000000001010000
00000000000000000000000001010110
00000000000000000000000001011100
00000000000000000000000001100010
00000000000000000000000001101000
00000000000000000000000001101101
00000000000000000000000001110011
00000000000000000000000001111001
00000000000000000000000001111110
00000000000000000000000010000100
00000000000000000000000010001001
00000000000000000000000010001110
00000000000000000000000010010011
00000000000000000000000010011000
00000000000000000000000010011101
00000000000000000000000010100010
00000000000000000000000010100111
00000000000000000000000010101100
00000000000000000000000010110001
00000000000000000000000010110101
00000000000000000000000010111001
00000000000000000000000010111110
00000000000000000000000011000010
00000000000000000000000011000110
00000000000000000000000011001010
00000000000000000000000011001110
00000000000000000000000011010001
00000000000000000000000011010101
00000000000000000000000011011000
00000000000000000000000011011100
00000000000000000000000011011111
00000000000000000000000011100010
00000000000000000000000011100101
00000000000000000000000011100111
00000000000000000000000011101010
00000000000000000000000011101101
00000000000000000000000011101111
00000000000000000000000011110001
00000000000000000000000011110011
00000000000000000000000011110101
00000000000000000000000011110111
00000000000000000000000011111000
00000000000000000000000011111010
00000000000000000000000011111011
00000000000000000000000011111100
00000000000000000000000011111101
00000000000000000000000011111110
00000000000000000000000011111111
00000000000000000000000011111111
00000000000000000000000100000000
00000000000000000000000100000000
00000000000000000000000100000000
00000000000000000000000100000000
00000000000000000000000100000000
00000000000000000000000011111111
00000000000000000000000011111111
00000000000000000000000011111110
00000000000000000000000011111101
00000000000000000000000011111100
00000000000000000000000011111011
00000000000000000000000011111010
00000000000000000000000011111000
00000000000000000000000011110111
00000000000000000000000011110101
00000000000000000000000011110011
00000000000000000000000011110001
00000000000000000000000011101111
00000000000000000000000011101101
00000000000000000000000011101010
00000000000000000000000011100111
00000000000000000000000011100101
00000000000000000000000011100010
00000000000000000000000011011111
00000000000000000000000011011100
00000000000000000000000011011000
00000000000000000000000011010101
00000000000000000000000011010001
00000000000000000000000011001110
00000000000000000000000011001010
00000000000000000000000011000110
00000000000000000000000011000010
00000000000000000000000010111110
00000000000000000000000010111001
00000000000000000000000010110101
00000000000000000000000010110001
00000000000000000000000010101100
00000000000000000000000010100111
00000000000000000000000010100010
00000000000000000000000010011101
00000000000000000000000010011000
00000000000000000000000010010011
00000000000000000000000010001110
00000000000000000000000010001001
00000000000000000000000010000100
00000000000000000000000001111110
00000000000000000000000001111001
00000000000000000000000001110011
00000000000000000000000001101101
00000000000000000000000001101000
00000000000000000000000001100010
00000000000000000000000001011100
00000000000000000000000001010110
00000000000000000000000001010000
00000000000000000000000001001010
00000000000000000000000001000100
00000000000000000000000000111110
00000000000000000000000000111000
00000000000000000000000000110010
00000000000000000000000000101100
00000000000000000000000000100110
00000000000000000000000000011111
00000000000000000000000000011001
00000000000000000000000000010011
00000000000000000000000000001101
00000000000000000000000000000110
00000000000000000000000000000000
00000000000000001111111111111010
00000000000000001111111111110011
00000000000000001111111111101101
00000000000000001111111111100111
00000000000000001111111111100001
00000000000000001111111111011010
00000000000000001111111111010100
00000000000000001111111111001110
00000000000000001111111111001000
00000000000000001111111111000010
00000000000000001111111110111100
00000000000000001111111110110110
00000000000000001111111110110000
00000000000000001111111110101010
00000000000000001111111110100100
00000000000000001111111110011110
00000000000000001111111110011000
00000000000000001111111110010011
00000000000000001111111110001101
00000000000000001111111110000111
00000000000000001111111110000010
00000000000000001111111101111100
00000000000000001111111101110111
00000000000000001111111101110010
00000000000000001111111101101101
00000000000000001111111101101000
00000000000000001111111101100011
00000000000000001111111101011110
00000000000000001111111101011001
00000000000000001111111101010100
00000000000000001111111101001111
00000000000000001111111101001011
00000000000000001111111101000111
00000000000000001111111101000010
00000000000000001111111100111110
00000000000000001111111100111010
00000000000000001111111100110110
00000000000000001111111100110010
00000000000000001111111100101111
00000000000000001111111100101011
00000000000000001111111100101000
00000000000000001111111100100100
00000000000000001111111100100001
00000000000000001111111100011110
00000000000000001111111100011011
00000000000000001111111100011001
00000000000000001111111100010110
00000000000000001111111100010011
00000000000000001111111100010001
00000000000000001111111100001111
00000000000000001111111100001101
00000000000000001111111100001011
00000000000000001111111100001001
00000000000000001111111100001000
00000000000000001111111100000110
00000000000000001111111100000101
00000000000000001111111100000100
00000000000000001111111100000011
00000000000000001111111100000010
00000000000000001111111100000001
00000000000000001111111100000001
00000000000000001111111100000000
00000000000000001111111100000000
00000000000000001111111100000000
00000000000000001111111100000000
00000000000000001111111100000000
00000000000000001111111100000001
00000000000000001111111100000001
00000000000000001111111100000010
00000000000000001111111100000011
00000000000000001111111100000100
00000000000000001111111100000101
00000000000000001111111100000110
00000000000000001111111100001000
00000000000000001111111100001001
00000000000000001111111100001011
00000000000000001111111100001101
00000000000000001111111100001111
00000000000000001111111100010001
00000000000000001111111100010011
00000000000000001111111100010110
00000000000000001111111100011001
00000000000000001111111100011011
00000000000000001111111100011110
00000000000000001111111100100001
00000000000000001111111100100100
00000000000000001111111100101000
00000000000000001111111100101011
00000000000000001111111100101111
00000000000000001111111100110010
00000000000000001111111100110110
00000000000000001111111100111010
00000000000000001111111100111110
00000000000000001111111101000010
00000000000000001111111101000111
00000000000000001111111101001011
00000000000000001111111101001111
00000000000000001111111101010100
00000000000000001111111101011001
00000000000000001111111101011110
00000000000000001111111101100011
00000000000000001111111101101000
00000000000000001111111101101101
00000000000000001111111101110010
00000000000000001111111101110111
00000000000000001111111101111100
00000000000000001111111110000010
00000000000000001111111110000111
00000000000000001111111110001101
00000000000000001111111110010011
00000000000000001111111110011000
00000000000000001111111110011110
00000000000000001111111110100100
00000000000000001111111110101010
00000000000000001111111110110000
00000000000000001111111110110110
00000000000000001111111110111100
00000000000000001111111111000010
00000000000000001111111111001000
00000000000000001111111111001110
00000000000000001111111111010100
00000000000000001111111111011010
00000000000000001111111111100001
00000000000000001111111111100111
00000000000000001111111111101101
00000000000000001111111111110011
00000000000000001111111111111010
00000000000000000000000000000000
00000000000000000000000000000110
00000000000000000000000000001101
00000000000000000000000000010011
00000000000000000000000000011001
00000000000000000000000000011111
00000000000000000000000000100110
00000000000000000000000000101100
00000000000000000000000000110010
00000000000000000000000000111000
00000000000000000000000000111110
00000000000000000000000001000100
00000000000000000000000001001010
00000000000000000000000001010000
00000000000000000000000001010110
00000000000000000000000001011100
00000000000000000000000001100010
00000000000000000000000001101000
00000000000000000000000001101101
00000000000000000000000001110011
00000000000000000000000001111001
00000000000000000000000001111110
00000000000000000000000010000100
00000000000000000000000010001001
00000000000000000000000010001110
00000000000000000000000010010011
00000000000000000000000010011000
00000000000000000000000010011101
00000000000000000000000010100010
00000000000000000000000010100111
00000000000000000000000010101100
00000000000000000000000010110001
00000000000000000000000010110101
00000000000000000000000010111001
00000000000000000000000010111110
00000000000000000000000011000010
00000000000000000000000011000110
00000000000000000000000011001010
00000000000000000000000011001110
00000000000000000000000011010001
00000000000000000000000011010101
00000000000000000000000011011000
00000000000000000000000011011100
00000000000000000000000011011111
00000000000000000000000011100010
00000000000000000000000011100101
00000000000000000000000011100111
00000000000000000000000011101010
00000000000000000000000011101101
00000000000000000000000011101111
00000000000000000000000011110001
00000000000000000000000011110011
00000000000000000000000011110101
00000000000000000000000011110111
00000000000000000000000011111000
00000000000000000000000011111010
00000000000000000000000011111011
00000000000000000000000011111100
00000000000000000000000011111101
00000000000000000000000011111110
00000000000000000000000011111111
00000000000000000000000011111111
00000000000000000000000100000000
00000000000000000000000100000000
00000000000000000000000100000000
00000000000000000000000100000000
00000000000000000000000100000000
00000000000000000000000011111111
00000000000000000000000011111111
00000000000000000000000011111110
00000000000000000000000011111101
00000000000000000000000011111100
00000000000000000000000011111011
00000000000000000000000011111010
00000000000000000000000011111000
00000000000000000000000011110111
00000000000000000000000011110101
00000000000000000000000011110011
00000000000000000000000011110001
00000000000000000000000011101111
00000000000000000000000011101101
00000000000000000000000011101010
00000000000000000000000011100111
00000000000000000000000011100101
00000000000000000000000011100010
00000000000000000000000011011111
00000000000000000000000011011100
00000000000000000000000011011000
00000000000000000000000011010101
00000000000000000000000011010001
00000000000000000000000011001110
00000000000000000000000011001010
00000000000000000000000011000110
00000000000000000000000011000010
00000000000000000000000010111110
00000000000000000000000010111001
00000000000000000000000010110101
00000000000000000000000010110001
00000000000000000000000010101100
00000000000000000000000010100111
00000000000000000000000010100010
00000000000000000000000010011101
00000000000000000000000010011000
00000000000000000000000010010011
00000000000000000000000010001110
00000000000000000000000010001001
00000000000000000000000010000100
00000000000000000000000001111110
00000000000000000000000001111001
00000000000000000000000001110011
00000000000000000000000001101101
00000000000000000000000001101000
00000000000000000000000001100010
00000000000000000000000001011100
00000000000000000000000001010110
00000000000000000000000001010000
00000000000000000000000001001010
00000000000000000000000001000100
00000000000000000000000000111110
00000000000000000000000000111000
00000000000000000000000000110010
00000000000000000000000000101100
00000000000000000000000000100110
00000000000000000000000000011111
00000000000000000000000000011001
00000000000000000000000000010011
00000000000000000000000000001101
00000000000000000000000000000110
00000000000000000000000000000000
00000000000000001111111111111010
00000000000000001111111111110011
00000000000000001111111111101101
00000000000000001111111111100111
00000000000000001111111111100001
00000000000000001111111111011010
00000000000000001111111111010100
00000000000000001111111111001110
00000000000000001111111111001000
00000000000000001111111111000010
00000000000000001111111110111100
00000000000000001111111110110110
00000000000000001111111110110000
00000000000000001111111110101010
00000000000000001111111110100100
00000000000000001111111110011110
00000000000000001111111110011000
00000000000000001111111110010011
00000000000000001111111110001101
00000000000000001111111110000111
00000000000000001111111110000010
00000000000000001111111101111100
00000000000000001111111101110111
00000000000000001111111101110010
00000000000000001111111101101101
00000000000000001111111101101000
00000000000000001111111101100011
00000000000000001111111101011110
00000000000000001111111101011001
00000000000000001111111101010100
00000000000000001111111101001111
00000000000000001111111101001011
00000000000000001111111101000111
00000000000000001111111101000010
00000000000000001111111100111110
00000000000000001111111100111010
00000000000000001111111100110110
00000000000000001111111100110010
00000000000000001111111100101111
00000000000000001111111100101011
00000000000000001111111100101000
00000000000000001111111100100100
00000000000000001111111100100001
00000000000000001111111100011110
00000000000000001111111100011011
00000000000000001111111100011001
00000000000000001111111100010110
00000000000000001111111100010011
00000000000000001111111100010001
00000000000000001111111100001111
00000000000000001111111100001101
00000000000000001111111100001011
00000000000000001111111100001001
00000000000000001111111100001000
00000000000000001111111100000110
00000000000000001111111100000101
00000000000000001111111100000100
00000000000000001111111100000011
00000000000000001111111100000010
00000000000000001111111100000001
00000000000000001111111100000001
00000000000000001111111100000000
00000000000000001111111100000000
00000000000000001111111100000000
00000000000000001111111100000000
00000000000000001111111100000000
00000000000000001111111100000001
00000000000000001111111100000001
00000000000000001111111100000010
00000000000000001111111100000011
00000000000000001111111100000100
00000000000000001111111100000101
00000000000000001111111100000110
00000000000000001111111100001000
00000000000000001111111100001001
00000000000000001111111100001011
00000000000000001111111100001101
00000000000000001111111100001111
00000000000000001111111100010001
00000000000000001111111100010011
00000000000000001111111100010110
00000000000000001111111100011001
00000000000000001111111100011011
00000000000000001111111100011110
00000000000000001111111100100001
00000000000000001111111100100100
00000000000000001111111100101000
00000000000000001111111100101011
00000000000000001111111100101111
00000000000000001111111100110010
00000000000000001111111100110110
00000000000000001111111100111010
00000000000000001111111100111110
00000000000000001111111101000010
00000000000000001111111101000111
00000000000000001111111101001011
00000000000000001111111101001111
00000000000000001111111101010100
00000000000000001111111101011001
00000000000000001111111101011110
00000000000000001111111101100011
00000000000000001111111101101000
00000000000000001111111101101101
00000000000000001111111101110010
00000000000000001111111101110111
00000000000000001111111101111100
00000000000000001111111110000010
00000000000000001111111110000111
00000000000000001111111110001101
00000000000000001111111110010011
00000000000000001111111110011000
00000000000000001111111110011110
00000000000000001111111110100100
00000000000000001111111110101010
00000000000000001111111110110000
00000000000000001111111110110110
00000000000000001111111110111100
00000000000000001111111111000010
00000000000000001111111111001000
00000000000000001111111111001110
00000000000000001111111111010100
00000000000000001111111111011010
00000000000000001111111111100001
00000000000000001111111111100111
00000000000000001111111111101101
00000000000000001111111111110011
00000000000000001111111111111010
